((("ref" .
   [1 0 0])
  ("with" .
   [1 0 0 0])
  ("can" .
   [1 0 0])
  ("*****" .
   [1 0 0 0 0])
  ("Encode" .
   [0 0 0 0 0 1])
  ("->name" .
   [1 0 0 0 0 0])
  ("-m" .
   [1 0])
  ("files" .
   [2 0 0 0 0])
  ("name" .
   [1 0 0 0])
  ("subdirs" .
   [2 0 0 0 0 0 1])
  ("subdir" .
   [0 0 0 0 1 1])
  ("directory" .
   [1 0 0 0 0 2 0 0 0])
  ("Rule" .
   [1 0 0 0])
  ("UTF" .
   [1 0 0])
  ("close" .
   [0 0 0 0 1])
  ("newfile" .
   [2 0 0 0 0 0 0])
  ("encoding" .
   [0 0 0 0 0 0 0 1])
  ("utf8" .
   [0 0 0 2])
  ("linelist" .
   [4 0 0 0 0 0 0 2])
  ("FILE" .
   [1 0 0 0])
  ("any" .
   [1 0 0])
  ("none" .
   [1 0 0 0])
  ("MoreUtils提供更多的工具" .
   [0 0 0 1 0 0 0 0 0 0 0 0 0 0 0 0])
  ("list" .
   [1 0 0 0])
  ("Util" .
   [1 0 0 0])
  ("first" .
   [1 0 0 0 0])
  ("List" .
   [4 0 0 0])
  ("@data" .
   [1 0 0 0 0])
  ("&big_money" .
   [0 0 0 0 0 0 0 0 0 1])
  ("@formatted_data" .
   [0 0 0 0 0 0 0 0 0 0 0 0 0 0 1])
  ("<$fh>" .
   [0 0 0 0 1])
  ("@matching_lines" .
   [0 0 0 0 0 0 0 0 0 0 0 0 0 0 1])
  ("b/i" .
   [2 0 0])
  ("bfred" .
   [1 0 0 0 0])
  ("grep" .
   [3 0 0 0])
  ("$_" .
   [4 0])
  ("catch" .
   [1 0 0 0 0])
  ("$filename" .
   [1 0 0 0 0 0 0 0 0])
  ("'>'" .
   [1 0 0])
  ("$fh" .
   [1 0 0])
  ("try" .
   [1 0 0])
  ("Tiny" .
   [1 0 0 0])
  ("open" .
   [4 0 0 0])
  ("Try" .
   [2 0 0])
  ("eval" .
   [2 0 0 1])
  ("@players" .
   [0 0 0 3 0 0 0 0])
  ("@scores" .
   [0 0 0 0 0 0 3])
  ("fred/" .
   [1 0 0 0 0])
  ("@three_scores" .
   [0 0 0 0 0 0 0 0 0 0 0 0 1])
  ("barney" .
   [0 0 0 1 0 2])
  ("qw/" .
   [1 0 0])
  ("@names" .
   [2 0 0 0 0 0])
  ("@number" .
   [0 0 0 1 1 0 2])
  ("-1" .
   [1 0])
  ("$count" .
   [0 0 0 0 1 0])
  ("$card_num" .
   [0 0 0 0 0 0 0 0 1])
  ("splice" .
   [0 0 0 1 0 0])
  ("split" .
   [3 0 0 0 0])
  ("undef" .
   [1 0 0 0 0])
  ("@dirs" .
   [0 0 0 0 1])
  ("'cvf'" .
   [0 0 0 0 1])
  ("'tar'" .
   [0 0 0 0 1])
  ("functions" .
   [1 0 0 0 0 0 0 0 0])
  ("about" .
   [1 0 0 0 2])
  ("Functions" .
   [1 0 0 0 0 0 0 0 0])
  ("date" .
   [1 0 0 0])
  ("chdir" .
   [2 0 0 0 0])
  ("'PATH'" .
   [0 0 0 0 0 1])
  ("$ENV" .
   [1 0 0 0])
  ("在Perl" .
   [0 0 0 0 1])
  ("$tarfile" .
   [0 0 0 0 0 0 0 2])
  ("betty" .
   [1 0 0 0 0])
  ("default" .
   [0 0 0 0 0 0 1])
  ("笨拙匹配" .
   [1 0 0 0])
  ("continue" .
   [0 0 0 0 0 0 0 1])
  ("Fred'" .
   [2 0 0 0 0])
  ("'name" .
   [1 0 0 0 0])
  ("Fred" .
   [1 0 0 0])
  ("when" .
   [6 0 0 0])
  ("say" .
   [9 0 0])
  ("模式匹配修饰符" .
   [0 0 0 0 1 0 0])
  ("$names" .
   [0 0 0 0 0 1])
  ("/Fred/" .
   [0 0 1 0 0 6])
  ("@betty" .
   [0 0 2 0 0 0])
  ("智能匹配操作符" .
   [0 0 1 0 0 0 0])
  ("$group" .
   [0 0 0 0 0 1])
  ("$user" .
   [1 0 0 0 0])
  ("chown" .
   [1 0 0 0 0])
  ("'*'" .
   [1 0 0])
  ("$ago" .
   [1 0 0 0])
  ("$now" .
   [3 0 0 0])
  ("time" .
   [1 0 0 0])
  ("'fred'" .
   [1 0 0 0 0 3])
  ("File" .
   [1 0 0 0])
  ("old$/" .
   [1 0 0 0 0])
  ("elsif" .
   [3 0 0 1 1])
  ("warn" .
   [2 0 0 0])
  ("s///返回的是布尔值，" .
   [0 0 1 0 0 0 0 0 0 0 0 0])
  ("$newfile" .
   [2 0 0 0 1 0 0 1])
  ("new" .
   [2 0 0])
  ("rename" .
   [4 0 0 0 0 0])
  ("glob" .
   [4 0 0 0])
  ("slate" .
   [1 0 0 0 0])
  ("unlink" .
   [3 0 0 0 0 0])
  ("$dirname" .
   [1 0 0 0 0 0 0 0])
  ("Spec" .
   [1 0 0 0])
  ("unless" .
   [1 0 0 0 0 0])
  ("next" .
   [2 0 0 0])
  ("readdir" .
   [1 0 0 0 1 0 0])
  ("$name" .
   [8 0 0 0 0])
  ("while" .
   [1 0 0 0 0])
  ("in" .
   [2 0])
  ("file" .
   [5 0 0 0])
  ("$dh" .
   [4 0 0])
  ("$file" .
   [6 0 0 0 0])
  ("for" .
   [1 0 0])
  ("die" .
   [4 0 0])
  ("or" .
   [5 0])
  ("$dir_to_process" .
   [0 0 0 0 0 0 0 0 0 0 0 0 0 0 2])
  ("'/etc'" .
   [0 0 0 0 0 1])
  ("@all_files" .
   [0 0 0 0 0 0 0 0 0 1])
  ("pm模块" .
   [0 0 1 0])
  ("IN" .
   [1 0])
  ("h1" .
   [1 0])
  ("title" .
   [1 0 0 0 0])
  ("page" .
   [1 0 0 0])
  ("the" .
   [1 0 0])
  ("is" .
   [4 0])
  ("This" .
   [1 0 0 0])
  ("start_html" .
   [1 0 0 0 0 0 0 0 0 0])
  ("$param" .
   [2 0 0 0 0 0])
  ("param" .
   [2 0 0 0 0])
  ("foreach" .
   [4 0 0 0 0 1 0])
  ("'test" .
   [1 0 0 0 0])
  ("header" .
   [2 0 0 0 0 0])
  ("all" .
   [2 0 0])
  ("qw" .
   [9 0])
  ("CGI" .
   [1 0 0])
  ("execut" .
   [0 0 0 0 0 1])
  ("->" .
   [2 0])
  ("$sth" .
   [2 0 0 0])
  ("foo" .
   [1 0 0])
  ("FROM" .
   [1 0 0 0])
  ("Pg" .
   [1 0])
  ("$data" .
   [2 0 0 0 0])
  ("DBI" .
   [1 0 0])
  ("li" .
   [1 0])
  ("user" .
   [3 0 0 0])
  ("i" .
   [2])
  ("if" .
   [9 1])
  ("f" .
   [1])
  ("args" .
   [1 0 0 0])
  ("String" .
   [1 0 0 0 0 1])
  ("main" .
   [1 0 0 0])
  ("static" .
   [0 0 0 0 0 1])
  ("p" .
   [1])
  ("print" .
   [20 0 0 0 1])
  ("use" .
   [10 0 0])
  ("was" .
   [1 0 0])
  ("s" .
   [2])
  ("sum" .
   [2 0 0])
  ("m" .
   [3])
  ("my" .
   [59 0])
  ("mado" .
   [1 0 0 0])
  ("**" .
   [9 0])
  ("***" .
   [44 0 0])
  ("hello" .
   [0 0 0 1 0])
  ("until" .
   [0 0 0 0 1])
  ("Wood" .
   [0 1 0 0])
  ("$number" .
   [1 0 0 1 0 0 2])
  ("sprintf" .
   [1 0 0 0 0 0 1])
  ("d/" .
   [1 0])
  ("/$1" .
   [1 0 0])
  ("****" .
   [15 0 0 0])
  ("else" .
   [2 0 0 0])
  ("sort" .
   [4 0 0 1])
  ("by_number" .
   [0 0 0 0 0 0 0 0 2])
  ("sub" .
   [6 0 0])
  ("cmp" .
   [3 0 0])
  ("<=>" .
   [3 0 0])
  ("@some_number" .
   [0 0 2 0 0 0 0 0 0 0 0 0])
  ("fred" .
   [5 0 0 0])
  ("key" .
   [1 0 0])
  ("%scroe" .
   [0 0 0 0 0 1])
  ("by_score" .
   [0 0 0 0 0 0 0 2])
  ("$score" .
   [2 0 0 0 0 2])
  ("system" .
   [2 0 0 0 0 5])
  ("autodie" .
   [1 0 0 0 1 0 1])
  ("str" .
   [1 0 0])
  ("wen" .
   [1 0 0])
  ("perl" .
   [1 0 0 0])
  ("DBD" .
   [2 0 0])
  ("ODBC" .
   [0 0 0 1])
  ("Oracle" .
   [1 0 0 0 0 0])
  ("data" .
   [2 0 0 0])
  ("dbname" .
   [1 0 0 0 0 0])
  ("lower_name" .
   [0 0 0 0 0 1 0 0 0 0])
  ("lc" .
   [1 0])
  ("test" .
   [2 0 0 0])
  ("c" .
   [1])
  ("col" .
   [3 0 0])
  ("max_length" .
   [0 0 0 0 0 0 0 0 0 1])
  ("eq" .
   [3 0])
  ("mould_type" .
   [0 0 0 1 0 0 0 0 0 0])
  ("n" .
   [1])
  ("common" .
   [0 0 0 0 0 1])
  ("word_list" .
   [2 0 0 0 0 0 0 0 0])
  ("+删除线+" .
   [0 1 0 0 0])))
